10,104
10,184
10,262
10,138
10,229
10,93
10,78
11,25
11,18
11,20
11,10
11,14
11,4
70,3
70,2
70,1
70,0
69,3
69,2
69,1
69,0
68,4
68,3
68,2
68,1
68,0
67,5
67,4
67,3
67,2
67,1
67,0
66,4
66,3
66,2
66,1
66,0
65,4
65,3
65,2
65,1
65,0
20,2
20,1
12,3
12,2
20,3
12,1
11,27
11,26
11,22
11,21
19,2
19,1
11,15
11,12
11,11
11,9
11,8
11,7
11,6
11,3
11,2
19,3
11,1
10,265
10,260
10,231
10,223
10,221
10,213
10,196
10,190
10,153
10,152
10,134
10,91
18,1
10,81
18,3
10,73
10,13
10,3
10,2
14,1
10,1
9,7
9,6
9,4
9,3
14,3
13,1
9,2
13,3
9,1
8,17
8,16
8,12
8,11
8,6
8,4
8,3
8,2
8,1
3,3
3,2
3,1
2,2
2,3
2,1
